aaa,bbb,2023-06,1,2,3,4,5,6,7,8,9,0,1
aaa,bbb,2023-06,1,2,3,4,5,6,7,8,9,0,1
aaa,bbb,2023-06,1,2,3,4,5,6,7,8,9,0,1
aaa,bbb,2023-06,1,2,3,4,5,6,7,8,9,0,1
aaa,bbb,2023-06,1,2,3,4,5,6,7,8,9,0,1
aaa,bbb,2023-06,1,2,3,4,5,6,7,8,9,0,1
aaa,bbb,2023-06,1,2,3,4,5,6,7,8,9,0,1
aaa,bbb,2023-06,1,2,3,4,5,6,7,8,9,0,1
aaa,bbb,2023-06,1,2,3,4,5,6,7,8,9,0,1
aaa,bbb,2023-06,1,2,3,4,5,6,7,8,9,0,1
aaa,bbb,2023-06,1,2,3,4,5,6,7,8,9,0,1
aaa,bbb,2023-06,1,2,3,4,5,6,7,8,9,0,1
aaa,bbb,2023-06,1,2,3,4,5,6,7,8,9,0,1
aaa,bbb,2023-06,1,2,3,4,5,6,7,8,9,0,1
あああ,いいい,2023-06,1,1,1,1,1,1,1,1,1,1,1
あああ,いいい,2023-06,1,1,1,1,1,1,1,1,1,1,1
あああ,いいい,2023-06,1,1,1,1,1,1,1,1,1,1,1
あああ,いいい,2023-06,1,1,1,1,1,1,1,1,1,1,1
あああ,いいい,2023-06,1,1,1,1,1,1,1,1,1,1,1
あああ,いいい,2023-06,1,1,1,1,1,1,1,1,1,1,1
あああ,いいい,2023-06,1,1,1,1,1,1,1,1,1,1,1
あああ,いいい,2023-06,1,1,1,1,1,1,1,1,1,1,1
あああ,いいい,2023-06,1,1,1,1,1,1,1,1,1,1,1
あああ,いいい,2023-06,0,0,0,0,0,0,0,0,0,0,0
あああ,いいい,2023-06,0,0,0,0,0,0,0,0,0,0,0
あああ,いいい,2023-06,1,1,1,1,1,1,1,1,1,1,1
あああ,いいい,2023-07,0,0,0,0,0,0,0,0,0,0,0
あああ,いいい,2023-07,0,0,0,0,0,0,0,0,0,0,0
あああ,いいい,2023-07,0,0,0,0,0,0,0,0,0,0,0
